2,60,61,82,81,40,
13,47,50,71,70,29,
20,80,81,102,101,60,
1,61,62,83,82,41,
14,48,51,72,71,30,
14,46,51,72,70,30,
21,81,82,103,102,61,
2,62,63,84,83,42,
28,62,65,86,85,44,
15,45,52,73,69,31,
22,82,83,104,103,62,
30,90,91,112,111,70,
3,63,64,85,84,43,
8,68,69,90,89,48,
32,66,69,90,89,48,
19,41,56,77,65,35,
16,46,53,74,70,32,
29,89,90,111,110,69,
23,83,84,105,104,63,
44,104,105,126,113,84,
32,92,93,114,113,72,
18,78,79,100,93,58,
16,72,77,98,97,56,
21,39,58,79,63,37,
20,50,57,78,74,36,
25,85,86,107,106,65,
48,108,109,130,117,88,
62,122,123,144,95,102,
57,117,118,139,126,97,
25,85,86,107,100,65,
23,83,84,105,88,63,
21,67,82,103,102,61,
30,48,67,88,72,46,
22,38,59,78,62,38,
37,55,74,95,73,53,
38,98,99,120,95,78,
50,110,111,132,119,90,
52,112,113,134,121,92,
66,126,127,148,91,106,
58,118,119,140,127,98,
36,96,97,118,111,76,
29,89,90,111,82,69,
42,46,79,84,82,58,
35,53,72,93,75,51,
25,35,62,81,59,41,
24,38,61,76,64,40,
49,67,86,107,61,65,
42,102,103,124,91,82,
53,113,114,135,122,93,
81,141,142,163,106,121,
72,121,133,154,85,112,
31,91,92,113,80,71,
30,90,91,112,83,70,
41,45,78,83,81,57,
42,51,71,74,76,58,
27,37,64,83,59,43,
42,18,59,64,76,58,
26,36,63,82,58,42,
30,34,67,72,70,46,
25,37,62,75,65,41,
51,69,88,109,59,67,
50,68,87,108,62,66,
40,100,101,122,89,80,
94,154,155,176,119,134,
75,118,136,157,82,115,
76,123,137,158,87,111,
32,92,93,114,79,72,
32,92,93,114,81,72,
55,80,106,105,108,92,
42,46,79,84,82,58,
37,41,74,79,77,53,
46,55,74,78,76,62,
44,53,73,76,78,60,
50,43,63,66,84,66,
43,52,72,75,77,59,
33,43,70,89,65,49,
46,14,55,60,80,62,
27,37,64,83,57,43,
33,37,70,75,73,49,
32,32,69,70,72,48,
27,36,64,74,67,43,
27,35,64,73,67,43,
57,70,94,115,53,73,
74,92,111,132,86,90,
33,93,94,115,82,73,
76,117,137,158,81,116,
77,122,138,159,86,110,
65,82,109,128,46,82,
74,99,88,124,127,111,
63,88,114,113,116,100,
61,65,91,90,101,77,
43,47,80,85,83,59,
52,42,89,80,92,68,
36,40,73,78,76,52,
55,55,74,78,85,71,
48,57,72,80,74,64,
56,65,85,88,90,72,
54,63,83,86,88,70,
54,47,67,70,88,70,
62,31,51,54,92,78,
44,53,73,76,77,60,
36,46,73,92,68,52,
55,65,92,111,87,71,
34,44,71,90,66,50,
52,8,49,54,86,68,
29,39,66,85,59,45,
28,38,65,84,56,44,
36,40,73,78,76,52,
35,39,72,77,75,51,
33,31,70,69,73,49,
31,32,68,70,71,47,
32,30,69,68,72,48,
49,59,86,105,64,65,
55,65,92,111,29,65,
76,94,113,134,88,92,
88,105,132,151,69,105,
83,110,137,156,74,110,
83,116,143,162,80,104,
83,128,144,165,92,116,
64,74,101,120,38,74,
66,83,110,129,47,83,
102,94,55,92,157,117,
65,90,116,115,118,102,
59,63,89,88,99,75,
42,29,76,67,82,58,
67,57,89,94,107,83,
42,46,79,84,82,58,
39,43,76,81,79,55,
42,46,79,84,82,58,
61,55,68,82,86,77,
56,54,74,77,86,72,
51,60,75,83,77,67,
51,56,69,83,71,67,
65,74,94,97,99,81,
55,64,84,87,89,71,
55,48,68,71,87,71,
75,23,42,41,101,91,
63,36,46,59,97,78,
69,23,44,62,84,85,
52,61,75,84,69,68,
43,53,80,99,70,59,
35,45,72,91,67,51,
53,7,48,53,87,69,
33,43,70,89,63,49,
32,42,69,88,52,48,
37,41,74,79,77,53,
39,23,70,61,79,55,
38,25,72,63,78,54,
33,29,70,67,73,49,
48,58,85,104,70,64,
56,66,93,112,28,64,
43,53,80,99,41,59,
77,95,114,135,89,93,
89,104,131,150,68,104,
89,116,143,162,80,102,
88,111,138,157,75,99,
84,129,145,166,93,117,
79,89,116,135,53,89,
78,88,115,134,52,88,
69,86,113,132,50,86,
101,93,54,91,156,116,
66,91,117,116,119,103,
57,61,87,86,97,73,
51,38,85,76,91,67,
68,58,88,93,108,84,
43,47,80,85,82,59,
42,46,79,84,82,58,
46,50,83,88,86,62,
62,56,69,83,87,78,
61,50,63,77,81,77,
57,55,75,78,87,73,
59,68,83,91,85,75,
59,48,61,79,79,75,
54,60,73,86,67,70,
70,79,99,102,104,86,
56,65,85,88,90,72,
61,54,74,77,93,77,
56,49,68,72,86,72,
80,28,47,46,106,96,
78,26,45,44,104,94,
81,29,48,47,95,97,
82,37,56,55,115,98,
74,22,41,40,102,90,
47,52,30,51,103,62,
63,17,38,61,86,79,
67,21,44,66,80,83,
37,47,74,93,69,53,
54,8,49,54,88,70,
55,9,46,55,89,71,
54,6,49,52,88,70,
35,45,72,91,65,51,
34,44,71,90,64,50,
33,43,70,89,53,49,
39,49,76,95,45,55,
34,44,71,90,54,50,
42,47,79,85,72,58,
42,20,67,58,82,58,
57,67,94,113,27,63,
46,56,83,102,40,62,
82,100,119,140,94,98,
91,102,129,148,66,102,
90,105,132,151,69,105,
90,117,144,163,81,103,
89,112,139,158,76,98,
91,108,135,154,72,100,
86,96,123,142,60,96,
85,95,122,141,59,95,
113,123,150,169,87,123,
79,89,116,135,53,89,
81,91,118,137,55,91,
70,87,114,133,51,87,
87,79,40,77,142,102,
71,96,122,121,124,108,
56,60,86,85,96,72,
66,70,96,95,106,82,
52,39,86,77,92,68,
96,44,53,58,130,112,
45,54,82,92,75,61,
54,58,84,83,94,70,
68,72,105,110,108,84,
60,49,62,78,80,76,
58,51,66,74,84,74,
60,47,60,80,80,76,
61,50,63,81,81,77,
49,59,84,97,56,65,
57,58,71,89,70,73,
75,84,104,107,109,91,
59,68,88,91,93,75,
61,70,90,93,95,77,
57,50,69,73,87,73,
58,51,70,74,88,74,
82,30,49,48,96,98,
84,34,53,52,90,99,
75,44,63,62,115,91,
71,19,38,37,105,87,
40,50,23,44,96,55,
66,20,35,58,89,82,
62,16,39,62,85,78,
66,20,43,66,81,82,
69,26,41,64,75,84,
74,28,69,74,108,90,
56,10,47,56,90,72,
57,11,44,57,90,73,
59,1,54,47,93,75,
38,48,75,94,68,54,
41,51,78,97,65,57,
35,45,72,91,65,51,
34,44,71,90,52,50,
41,48,78,86,71,57,
51,11,58,49,91,67,
57,70,93,114,24,60,
47,57,84,103,39,63,
93,111,130,151,105,109,
91,101,128,147,65,101,
91,106,133,152,70,106,
99,126,153,172,90,112,
90,111,138,157,75,97,
92,107,134,153,71,101,
92,109,136,155,73,99,
124,134,161,180,98,134,
80,90,117,136,54,90,
73,90,117,136,54,90,
84,76,37,74,139,99,
78,103,129,128,131,115,
55,59,85,84,95,71,
80,84,95,102,120,96,
80,41,66,53,120,96,
82,30,39,44,116,98,
44,54,81,93,74,60,
60,59,78,77,100,76,
69,73,106,111,109,85,
61,50,63,79,81,77,
66,61,74,96,79,82,
61,46,59,81,81,77,
63,52,65,83,83,79,
45,55,82,101,41,61,
36,46,73,91,66,52,
58,57,70,90,71,74,
58,59,72,90,71,74,
90,99,119,122,124,106,
77,86,106,109,111,93,
61,70,90,93,95,77,
62,71,91,94,96,78,
65,58,77,81,95,81,
79,33,70,75,113,95,
72,29,42,64,78,87,
79,48,67,66,119,95,
72,47,66,65,112,88,
67,15,42,33,107,83,
72,20,37,38,106,88,
39,49,22,43,95,54,
37,51,24,45,93,52,
67,21,34,57,90,82,
63,17,40,63,84,79,
59,13,42,59,88,75,
60,35,50,73,66,75,
70,27,40,63,76,85,
75,29,70,75,109,91,
67,21,58,67,101,83,
66,20,53,66,99,82,
58,12,43,58,89,74,
60,2,55,48,94,76,
58,4,53,44,96,74,
42,52,79,95,72,58,
49,59,86,105,73,65,
44,54,81,100,58,60,
35,45,72,91,51,51,
40,49,77,87,70,56,
52,10,57,48,92,68,
52,62,89,108,34,68,
56,71,92,113,25,59,
58,71,94,115,23,61,
96,114,133,154,108,112,
95,113,132,153,107,111,
91,110,137,156,74,98,
91,112,139,158,76,96,
93,110,137,156,74,98,
81,91,118,137,55,91,
97,114,141,160,78,114,
71,63,24,61,126,86,
90,82,43,73,145,105,
83,108,134,133,136,120,
94,98,81,88,134,110,
81,85,96,103,121,97,
73,21,46,33,113,89,
76,24,33,38,110,92,
43,53,80,94,73,59,
67,52,71,70,107,83,
60,55,68,91,73,76,
85,70,83,105,105,101,
63,44,57,80,83,79,
70,59,72,90,90,86,
65,54,67,85,85,81,
50,60,87,106,36,66,
36,46,73,92,50,52,
46,56,83,101,76,62,
59,56,69,91,72,75,
59,60,73,91,72,75,
96,105,125,128,130,112,
90,99,119,122,124,106,
80,89,109,112,114,96,
63,72,92,95,97,79,
69,62,81,85,99,85,
81,35,72,77,115,97,
75,29,66,75,109,91,
73,30,43,65,79,88,
73,30,42,65,79,88,
71,32,39,62,81,86,
84,53,72,71,124,100,
70,18,43,30,110,86,
66,14,43,34,106,82,
76,24,41,42,110,92,
73,21,36,39,107,89,
56,66,39,60,112,71,
40,48,21,42,96,55,
41,51,24,45,97,56,
48,64,37,58,104,63,
34,54,27,48,90,49,
60,28,27,50,93,75,
54,41,56,79,60,69,
55,41,56,79,61,70,
70,29,38,61,78,85,
71,28,41,64,77,86,
76,30,71,76,110,92,
68,22,59,68,102,84,
63,3,58,51,97,79,
61,1,56,49,95,77,
57,5,52,43,97,73,
62,8,57,48,100,78,
52,62,89,108,76,68,
51,61,88,107,75,67,
53,11,58,49,93,69,
53,9,56,47,93,69,
53,63,90,109,35,69,
44,80,80,101,37,47,
19,55,55,76,64,33,
61,74,97,118,20,64,
97,115,134,155,109,113,
101,119,138,159,113,117,
95,114,141,160,78,102,
92,113,140,159,77,95,
94,111,138,157,75,97,
82,92,119,138,56,92,
109,126,153,172,90,126,
79,71,32,69,134,94,
70,62,23,60,125,85,
86,72,54,62,142,101,
94,86,47,76,149,109,
97,122,148,147,150,134,
96,96,79,86,136,112,
83,87,98,105,123,99,
83,87,98,105,123,99,
77,27,30,35,113,92,
61,54,67,90,74,77,
64,45,58,81,83,80,
69,58,71,89,89,85,
51,61,88,107,35,67,
47,57,84,102,77,63,
60,61,74,92,73,76,
91,100,120,123,125,107,
81,90,110,113,115,97,
68,77,97,100,102,84,
82,36,73,78,116,98,
76,30,67,76,110,92,
73,31,41,64,80,88,
64,35,32,55,84,79,
86,55,74,73,126,102,
72,20,41,28,112,87,
65,13,44,35,105,81,
79,27,44,45,113,95,
78,26,41,44,112,94,
58,68,41,62,114,73,
41,49,22,43,97,56,
43,45,18,39,99,58,
43,53,26,47,99,58,
44,54,27,48,100,59,
52,72,45,66,108,67,
30,58,31,52,86,45,
58,30,25,48,91,73,
52,43,58,81,58,67,
78,32,73,78,112,94,
79,33,74,79,113,95,
71,25,62,71,105,87,
62,10,47,38,102,78,
56,6,53,44,96,72,
64,10,59,50,102,80,
55,65,92,111,79,71,
54,12,59,50,94,70,
54,8,55,46,94,70,
54,64,91,110,36,70,
45,81,81,102,38,48,
43,79,79,100,38,46,
18,54,54,75,63,32,
26,62,62,83,71,40,
57,67,94,113,29,73,
69,82,105,126,28,72,
62,75,97,119,19,65,
101,119,138,159,113,117,
107,125,144,165,119,123,
102,120,139,160,114,118,
104,122,141,162,116,120,
96,115,142,161,79,103,
93,114,141,160,78,94,
95,112,139,158,76,98,
101,118,145,164,82,90,
84,94,121,140,58,94,
93,85,46,83,148,108,
66,58,19,56,121,81,
107,99,60,94,162,122,
85,71,54,61,141,100,
96,88,49,74,151,111,
103,128,151,153,156,140,
102,90,73,80,142,118,
91,95,106,113,131,107,
87,91,102,109,127,103,
100,104,115,122,140,116,
56,48,9,46,111,71,
79,29,32,33,115,94,
66,59,72,95,79,82,
64,51,64,87,77,80,
70,52,65,88,83,86,
53,63,90,109,37,69,
53,63,90,108,83,69,
82,91,111,114,116,98,
71,80,100,103,105,87,
84,38,75,80,118,100,
84,38,75,80,118,100,
77,31,68,77,111,93,
77,35,45,68,84,92,
70,41,38,61,90,85,
64,36,31,54,85,79,
63,36,33,56,85,78,
93,62,81,80,133,109,
66,26,35,22,118,81,
64,12,45,36,104,80,
65,75,48,69,121,80,
59,69,42,63,115,74,
44,52,25,46,100,59,
47,46,19,40,101,62,
46,42,15,36,102,61,
44,54,27,48,100,59,
41,69,42,63,97,56,
31,59,32,53,87,46,
29,59,32,53,85,44,
55,33,22,45,94,70,
48,47,62,85,54,63,
90,44,85,90,124,106,
81,35,76,81,115,97,
63,11,46,37,103,79,
60,10,52,43,100,76,
55,7,54,45,95,71,
70,16,65,56,108,86,
59,17,64,55,99,75,
55,65,92,111,37,71,
63,99,99,120,56,66,
44,80,80,101,39,47,
34,70,70,91,47,37,
28,64,64,85,73,42,
13,49,49,70,68,27,
19,55,55,76,62,32,
28,64,64,85,73,42,
52,79,88,109,41,67,
67,77,92,115,24,70,
63,76,98,120,18,66,
106,124,143,164,118,122,
110,128,147,168,122,126,
109,127,146,167,121,125,
103,121,140,161,115,119,
105,123,142,163,117,121,
108,126,145,166,120,124,
107,125,144,165,119,123,
102,121,148,167,85,109,
94,115,142,161,79,95,
99,120,147,166,84,88,
110,127,152,173,91,84,
85,95,122,141,59,95,
94,86,47,84,149,109,
64,56,17,54,119,79,
64,56,17,54,119,79,
106,98,59,95,161,121,
112,104,65,99,167,127,
109,101,62,96,164,124,
84,70,53,60,140,99,
99,85,60,70,155,114,
98,90,51,72,153,113,
108,133,146,158,161,145,
102,88,71,78,144,117,
103,107,118,125,143,119,
54,48,7,44,109,69,
57,49,10,47,112,72,
86,36,39,26,122,101,
72,65,78,101,85,88,
74,56,69,92,87,90,
56,66,93,112,40,72,
93,102,122,125,127,109,
83,92,112,115,117,99,
72,81,101,104,106,88,
88,42,79,84,122,104,
82,40,50,73,89,97,
71,42,39,62,91,86,
71,43,38,61,92,86,
56,43,28,49,92,71,
65,39,36,58,88,80,
96,65,84,83,136,112,
63,29,32,19,119,78,
70,80,53,74,126,85,
67,77,50,71,123,82,
60,70,43,64,116,75,
53,46,25,46,95,68,
47,41,14,37,102,62,
47,43,16,35,103,62,
45,55,28,49,101,60,
36,66,39,60,92,51,
28,60,33,54,84,43,
56,34,23,46,95,71,
54,34,21,44,95,69,
46,49,64,87,56,61,
57,56,71,94,45,72,
50,49,64,87,56,65,
102,56,97,102,136,118,
61,11,53,44,101,77,
71,17,66,57,109,87,
54,90,90,111,69,68,
33,69,69,90,48,36,
29,65,65,86,74,43,
14,50,50,71,69,26,
23,59,59,80,58,28,
29,65,65,86,74,43,
48,83,84,105,45,63,
68,76,91,114,25,71,
73,86,108,130,8,76,
108,126,145,166,120,124,
110,128,147,168,122,126,
113,131,150,171,125,129,
104,122,141,162,116,120,
106,124,143,164,118,122,
106,124,143,164,118,122,
122,140,159,180,134,138,
103,122,149,168,86,110,
99,120,147,166,84,100,
107,128,148,169,92,80,
109,129,150,171,93,82,
102,94,55,92,157,117,
63,55,16,53,118,78,
63,55,16,53,118,78,
108,100,61,97,163,123,
107,99,60,96,162,122,
107,99,60,96,162,122,
105,97,58,95,160,120,
114,106,67,101,169,129,
147,139,100,134,202,162,
110,102,63,97,165,125,
83,69,52,59,139,98,
101,87,62,68,157,116,
98,84,61,71,154,113,
99,91,52,71,154,114,
115,140,153,165,168,152,
110,135,144,160,163,147,
101,87,70,77,145,116,
109,113,124,131,149,125,
105,109,120,127,145,121,
53,47,8,43,108,68,
61,55,14,51,116,76,
59,51,12,49,114,74,
59,51,12,49,114,74,
95,45,48,17,131,110,
77,62,75,98,90,93,
76,58,71,94,89,92,
91,100,120,123,125,107,
84,93,113,116,118,100,
74,83,103,106,108,90,
91,49,59,82,98,106,
72,43,40,63,92,87,
72,44,39,62,93,87,
61,43,33,54,92,76,
67,41,38,60,90,82,
100,69,88,87,140,116,
99,68,87,86,139,115,
57,35,26,25,113,72,
68,34,37,14,124,83,
74,84,57,78,130,89,
69,79,52,73,125,84,
65,75,48,69,121,80,
56,49,28,49,98,71,
52,46,19,42,107,67,
48,44,17,34,104,63,
30,64,37,58,86,45,
27,61,34,55,83,42,
44,51,66,89,58,59,
65,64,79,102,37,80,
68,67,82,105,56,83,
52,51,66,89,58,67,
72,18,67,58,110,88,
46,82,82,103,77,60,
61,97,97,118,76,75,
24,60,60,81,57,27,
21,57,57,78,76,19,
34,70,70,91,79,48,
28,64,64,85,65,43,
69,73,88,111,28,74,
74,87,109,131,7,77,
109,127,146,167,121,125,
111,129,147,169,123,127,
124,142,161,182,136,140,
111,129,148,169,123,127,
107,125,144,165,119,123,
107,125,144,165,119,123,
128,146,165,186,140,144,
121,140,167,186,104,128,
100,121,148,167,85,101,
100,121,148,167,85,101,
106,134,142,163,98,74,
107,135,143,164,99,75,
62,54,15,52,117,77,
62,54,15,52,117,77,
109,101,62,98,164,124,
123,115,76,112,178,138,
160,152,113,147,215,175,
98,84,67,74,148,113,
82,68,51,58,138,97,
102,88,63,67,158,117,
96,82,63,72,152,111,
105,97,58,65,160,120,
116,141,154,166,169,153,
111,136,143,161,164,148,
126,130,141,148,166,142,
106,110,121,128,146,122,
107,111,122,129,147,123,
60,52,13,50,115,75,
60,52,13,50,115,75,
109,59,62,31,145,124,
95,48,51,14,134,110,
96,46,49,18,132,111,
78,63,76,99,91,94,
77,59,72,95,90,93,
85,94,114,117,119,101,
76,85,105,108,110,92,
75,84,104,107,109,91,
92,50,60,83,99,107,
75,46,43,66,95,90,
76,47,44,67,96,91,
73,45,40,63,94,88,
73,45,40,63,94,88,
66,48,38,59,97,81,
69,43,40,62,92,84,
106,75,94,93,146,122,
100,69,88,87,140,116,
104,73,92,91,144,120,
53,39,22,29,109,68,
59,37,28,27,115,74,
72,38,41,10,128,87,
77,87,60,81,133,92,
70,80,53,74,126,85,
71,81,54,75,127,86,
67,77,50,71,123,82,
67,60,39,60,109,82,
58,52,25,48,102,73,
50,46,19,36,106,65,
50,42,19,32,106,65,
31,65,38,59,87,46,
28,62,35,56,84,43,
26,62,35,56,82,41,
35,60,71,92,64,50,
66,65,80,103,36,81,
52,58,73,96,60,67,
74,20,69,60,112,90,
73,19,68,59,111,89,
43,79,79,100,80,57,
62,98,98,119,77,76,
33,69,69,90,68,16,
22,58,58,79,77,18,
30,66,66,87,85,28,
40,76,76,97,83,54,
36,72,72,93,81,50,
33,69,69,90,70,48,
27,63,63,84,66,42,
69,68,83,106,33,79,
68,74,89,112,29,75,
75,88,110,132,6,78,
121,139,137,173,133,137,
132,150,169,190,144,148,
124,142,161,182,136,140,
146,164,183,204,158,162,
108,126,145,166,120,124,
133,151,170,191,145,149,
122,141,168,187,105,129,
123,142,169,188,106,130,
102,123,150,169,87,103,
101,122,149,168,86,102,
99,135,135,156,105,67,
99,130,135,156,107,83,
61,53,14,51,116,76,
61,53,14,51,116,76,
111,103,64,100,166,126,
142,134,95,131,197,157,
124,116,77,113,179,139,
130,122,83,119,185,145,
74,60,43,50,130,89,
108,94,69,61,164,123,
116,82,75,48,172,131,
106,98,59,66,161,121,
120,145,158,170,173,157,
112,137,142,162,165,149,
131,135,146,153,171,147,
108,112,123,130,148,124,
106,56,59,28,142,121,
85,51,54,23,141,100,
95,49,52,13,135,110,
101,51,54,23,137,116,
78,60,73,96,91,94,
96,105,125,128,130,112,
87,96,116,119,121,103,
77,86,106,109,111,93,
93,51,61,84,100,108,
76,47,44,67,96,91,
79,50,47,70,99,94,
84,55,52,75,104,99,
75,47,42,65,96,90,
72,46,43,65,95,87,
101,70,89,88,141,117,
55,41,24,31,111,70,
52,40,21,30,108,67,
60,38,29,28,116,75,
76,42,45,6,132,91,
75,41,44,13,131,90,
71,81,54,75,127,86,
72,82,55,76,128,87,
70,80,53,74,126,85,
75,85,58,79,131,90,
70,63,42,63,112,85,
53,45,22,35,109,68,
27,63,36,57,83,42,
23,59,38,59,79,38,
34,61,70,91,63,49,
54,60,75,98,62,69,
51,59,74,97,59,66,
83,29,78,69,121,99,
77,23,72,63,115,93,
75,21,70,61,113,91,
42,78,78,99,81,56,
32,68,68,89,69,15,
40,76,76,97,75,23,
26,62,62,83,75,14,
31,67,67,88,86,29,
49,85,85,106,92,63,
42,78,78,99,87,56,
41,77,77,98,82,55,
39,75,75,96,84,53,
40,76,76,97,85,54,
27,63,63,84,76,42,
26,62,62,83,67,41,
66,76,91,114,31,77,
76,89,111,133,5,79,
76,89,111,133,6,79,
123,141,139,175,135,139,
124,142,134,170,136,140,
141,159,178,199,153,157,
149,167,186,207,161,165,
109,127,146,167,121,125,
137,155,174,195,149,153,
123,142,169,188,106,130,
124,143,170,189,107,131,
124,143,170,189,107,131,
103,124,151,170,88,104,
103,124,151,170,88,104,
102,123,150,169,87,103,
98,134,134,155,106,66,
89,120,125,146,108,93,
118,110,71,107,173,133,
128,120,81,112,183,143,
159,151,112,148,214,174,
148,140,101,137,203,163,
73,59,42,49,129,88,
113,90,74,56,169,128,
114,80,77,46,170,129,
120,86,79,52,176,135,
113,105,66,73,168,128,
113,138,141,163,166,150,
82,48,51,20,138,97,
89,55,58,27,145,104,
94,50,53,12,136,109,
90,72,85,108,103,106,
97,106,126,129,131,113,
78,87,107,110,112,94,
78,87,107,110,112,94,
95,53,63,86,102,110,
77,48,45,68,97,92,
80,51,48,71,100,95,
85,56,53,76,105,100,
85,56,53,76,105,100,
102,71,90,89,142,118,
56,42,25,32,112,71,
53,41,22,31,109,68,
78,44,47,4,134,93,
76,42,45,14,132,91,
72,82,55,76,128,87,
74,84,57,78,130,89,
71,81,54,75,127,86,
78,88,61,82,134,93,
79,89,62,83,135,94,
22,58,39,60,78,37,
17,53,53,74,73,32,
35,62,71,92,62,50,
50,60,75,98,58,65,
80,26,75,66,118,96,
31,67,67,88,70,14,
44,80,80,101,79,27,
28,64,64,85,73,12,
36,72,72,93,91,34,
50,86,86,107,93,64,
43,79,79,100,88,57,
45,81,81,102,90,59,
44,80,80,101,89,58,
41,77,77,98,86,55,
26,62,62,83,75,41,
27,63,63,84,68,42,
24,60,60,81,69,39,
65,77,92,115,32,78,
77,90,112,134,6,80,
77,90,112,134,4,80,
77,90,112,134,5,80,
77,90,112,134,7,80,
162,161,122,158,174,178,
126,144,132,168,138,142,
142,160,179,200,154,158,
151,169,188,209,163,167,
110,128,147,168,122,126,
138,156,175,196,150,154,
124,143,170,189,107,131,
124,143,170,189,107,131,
126,145,172,191,109,133,
126,145,172,191,109,133,
125,144,171,190,108,132,
103,124,151,170,88,104,
97,133,133,154,107,65,
86,117,122,143,105,96,
120,112,73,109,175,135,
126,118,79,115,181,141,
136,128,89,120,191,151,
140,132,93,100,195,155,
149,141,102,138,204,164,
68,54,37,44,124,83,
115,88,76,54,171,130,
118,84,81,50,174,133,
112,78,79,44,168,127,
127,93,86,59,183,142,
122,88,81,54,178,137,
119,111,72,79,174,134,
115,140,139,165,168,152,
90,56,59,28,146,105,
93,51,54,11,137,108,
79,88,108,111,113,95,
81,90,110,113,115,97,
81,90,110,113,115,97,
97,55,65,88,104,112,
80,51,48,71,100,95,
81,52,49,72,101,96,
83,54,51,74,103,98,
86,57,54,77,106,101,
86,57,54,77,106,101,
106,75,94,93,146,122,
57,43,26,33,113,72,
54,42,23,32,110,69,
82,48,51,8,138,97,
79,45,48,17,135,94,
77,43,46,15,133,92,
74,84,57,78,130,89,
75,85,58,79,131,90,
75,85,58,79,131,90,
76,86,59,80,132,91,
83,93,66,87,139,98,
91,101,74,95,147,106,
92,102,75,96,148,107,
81,91,64,85,137,96,
20,56,41,62,76,35,
14,50,50,71,70,29,
19,55,55,76,75,34,
27,63,63,84,74,42,
38,65,74,95,59,53,
49,61,76,99,57,64,
29,65,65,86,72,12,
51,87,87,108,86,34,
29,65,65,86,73,11,
63,99,99,120,106,77,
47,83,83,104,92,61,
49,85,85,106,94,63,
48,84,84,105,93,62,
45,81,81,102,90,59,
46,82,82,103,91,60,
43,79,79,100,88,57,
39,75,75,96,88,54,
25,61,61,82,76,40,
28,64,64,85,73,43,
23,59,59,80,70,38,
68,80,95,118,35,81,
63,79,94,117,34,78,
78,91,113,135,7,81,
78,91,113,135,3,81,
78,91,113,135,6,81,
78,91,113,135,8,81,
158,150,111,147,181,173,
160,152,113,149,183,175,
127,145,131,167,139,143,
143,161,180,201,155,159,
152,170,189,210,164,168,
111,129,148,169,123,127,
140,158,177,198,152,156,
125,144,171,190,108,132,
126,145,172,191,109,133,
126,145,172,191,109,133,
104,125,152,171,89,105,
104,125,152,171,89,105,
86,122,122,143,118,54,
83,114,119,140,102,97,
125,117,78,114,180,140,
130,122,83,119,185,145,
152,144,105,136,207,167,
148,126,101,92,203,163,
154,146,107,143,209,169,
151,143,104,140,206,166,
67,53,36,43,123,82,
117,83,81,49,173,132,
120,93,81,59,176,135,
113,79,80,45,169,128,
111,77,80,43,167,126,
130,96,89,62,186,145,
129,95,88,61,185,144,
126,92,85,58,182,141,
124,90,83,56,180,139,
121,113,74,81,176,136,
123,115,76,83,178,138,
118,143,136,168,171,155,
135,160,159,185,188,172,
91,57,60,29,147,106,
95,53,56,13,139,110,
80,89,109,112,114,96,
82,91,111,114,116,98,
84,93,113,116,118,100,
83,92,112,115,117,99,
112,70,80,103,119,127,
83,54,51,74,103,98,
82,53,50,73,102,97,
84,55,52,75,104,99,
90,61,58,81,110,105,
88,59,56,79,108,103,
62,48,31,38,118,77,
59,45,28,35,115,74,
88,54,57,6,144,103,
87,53,56,25,143,102,
78,44,47,16,134,93,
87,53,56,25,143,102,
86,96,69,90,142,101,
77,87,60,81,133,92,
95,105,78,99,151,110,
86,96,69,90,142,101,
21,57,42,63,77,36,
19,55,42,63,75,34,
13,49,49,70,69,28,
21,57,57,78,77,36,
22,58,58,79,78,37,
28,64,64,85,75,43,
30,66,66,87,77,45,
40,67,76,97,57,55,
45,65,80,102,53,60,
52,88,88,109,87,35,
30,66,66,87,74,10,
66,102,102,123,109,80,
64,100,100,121,107,78,
101,137,137,158,146,115,
47,83,83,104,92,61,
62,98,98,119,107,76,
49,85,85,106,94,63,
49,85,85,106,94,63,
23,59,59,80,78,38,
26,62,62,83,77,41,
27,63,63,84,79,42,
22,58,58,79,71,37,
62,80,95,118,35,77,
79,92,114,136,8,82,
79,92,114,136,2,82,
79,92,114,136,7,82,
79,92,114,136,9,82,
155,147,108,144,178,170,
128,146,130,166,140,144,
169,187,206,227,181,185,
141,159,178,199,153,157,
127,146,173,192,110,134,
129,148,175,194,112,136,
128,147,174,193,111,135,
127,146,173,192,110,134,
107,128,155,174,92,108,
108,129,156,175,93,109,
105,126,153,172,90,106,
106,127,154,173,91,107,
94,130,130,151,126,62,
81,117,117,138,123,49,
82,113,118,139,101,96,
131,123,84,120,186,146,
133,125,86,122,184,148,
153,145,106,137,208,168,
152,122,105,88,207,167,
162,154,115,151,217,177,
66,52,35,42,122,81,
114,80,81,46,170,129,
122,95,83,61,178,137,
123,96,84,62,179,138,
109,75,78,41,165,124,
134,100,93,66,190,149,
132,98,91,64,188,147,
132,98,91,64,188,147,
127,93,86,59,183,142,
127,93,86,59,183,142,
125,91,84,57,181,140,
122,114,75,82,177,137,
124,116,77,84,179,139,
122,147,132,168,175,159,
123,148,141,173,176,160,
139,164,163,189,192,176,
92,58,61,30,148,107,
97,55,58,15,141,112,
96,54,57,14,140,111,
83,92,112,115,117,99,
84,93,113,116,118,100,
89,60,57,80,109,104,
86,57,54,77,106,101,
83,54,51,74,103,98,
88,59,56,79,108,103,
92,63,60,83,112,107,
92,63,60,83,112,107,
62,48,31,38,118,77,
90,56,59,8,146,105,
88,54,57,26,144,103,
94,59,62,19,145,109,
88,54,57,26,144,103,
90,100,73,94,146,105,
96,106,79,100,152,111,
99,109,82,103,155,114,
89,99,72,93,145,104,
28,64,49,70,84,43,
18,54,43,64,74,33,
14,50,50,71,70,29,
26,62,62,83,78,41,
25,61,61,82,80,40,
39,75,75,96,86,54,
30,66,66,87,74,45,
32,68,68,89,79,47,
42,69,78,99,55,57,
54,74,89,111,62,69,
51,72,87,108,46,66,
53,89,89,110,88,36,
32,68,68,89,76,8,
67,103,103,124,110,81,
65,101,101,122,108,79,
67,103,103,124,110,81,
57,93,93,114,102,71,
79,112,115,136,100,93,
65,101,101,122,110,79,
52,88,88,109,97,66,
56,92,92,113,101,70,
29,65,65,86,80,44,
32,68,68,89,84,47,
21,57,57,78,72,36,
70,88,103,126,43,85,
59,80,95,116,38,74,
82,95,117,139,5,85,
80,93,115,137,1,83,
80,93,115,137,8,83,
80,93,115,137,10,83,
157,149,110,146,180,172,
153,145,106,142,176,168,
129,147,129,165,141,145,
170,188,207,228,182,186,
143,161,180,201,155,159,
108,129,156,175,93,109,
109,130,157,176,94,110,
112,133,160,179,97,113,
107,128,155,174,92,108,
99,135,135,156,131,67,
99,135,135,156,131,67,
78,114,114,135,122,46,
81,112,117,138,100,95,
132,124,85,121,187,147,
132,124,85,121,187,147,
134,126,87,123,185,149,
138,130,91,127,179,153,
159,151,112,143,214,174,
153,121,106,87,208,168,
163,155,116,152,218,178,
163,155,116,152,218,178,
65,51,34,41,121,80,
125,98,86,64,181,140,
125,98,86,64,181,140,
124,97,85,63,180,139,
114,80,83,36,170,129,
98,64,67,36,154,113,
139,105,98,71,195,154,
135,101,94,67,191,150,
133,99,92,65,189,148,
177,143,136,109,233,192,
141,114,102,80,197,156,
131,97,90,63,187,146,
129,95,88,61,185,144,
131,97,90,63,187,146,
131,97,90,63,187,146,
124,116,77,84,179,139,
127,152,127,163,180,164,
125,150,135,171,178,162,
134,159,152,184,187,171,
140,165,164,190,193,177,
94,60,63,32,150,109,
95,61,64,33,151,110,
98,56,59,16,142,113,
97,56,59,16,142,112,
97,55,58,15,141,112,
84,93,113,116,118,100,
86,95,115,118,120,102,
85,94,114,117,119,101,
94,65,62,85,114,109,
90,61,58,81,110,105,
93,64,61,84,113,108,
94,65,62,85,114,109,
97,68,65,88,117,112,
97,63,66,15,153,112,
96,62,65,34,152,111,
90,56,59,28,146,105,
101,66,69,26,152,116,
91,101,74,95,147,106,
91,101,74,95,147,106,
104,114,87,108,160,119,
98,108,81,102,154,113,
19,55,44,65,75,34,
19,55,44,65,75,34,
17,53,44,65,73,32,
41,77,77,98,97,56,
15,51,51,72,71,30,
40,76,76,97,87,55,
36,72,72,93,80,51,
37,73,73,94,67,52,
34,70,70,91,81,49,
33,69,69,90,80,48,
41,77,77,98,63,56,
43,70,79,100,54,58,
56,76,91,113,64,71,
70,91,106,127,65,85,
47,74,83,104,50,62,
54,90,90,111,89,37,
54,90,90,111,89,37,
33,69,69,90,77,7,
33,69,69,90,77,9,
69,105,105,126,112,83,
66,102,102,123,109,80,
59,95,95,116,104,73,
60,96,96,117,105,74,
80,113,116,137,101,94,
67,103,103,124,112,81,
57,93,93,114,102,71,
31,67,67,88,82,46,
36,72,72,93,88,51,
34,70,70,91,86,49,
23,59,59,80,74,38,
20,56,56,77,73,35,
82,100,115,138,55,97,
62,83,98,119,41,77,
83,96,118,140,6,86,
81,94,116,138,2,84,
85,98,120,142,13,88,
81,94,116,138,11,84,
158,150,111,147,181,173,
152,144,105,141,175,167,
152,170,152,188,164,168,
133,151,125,161,145,149,
172,190,209,230,184,188,
144,162,181,202,156,160,
144,162,181,202,156,160,
113,134,161,180,98,114,
110,131,158,177,95,111,
110,131,158,177,95,111,
108,129,156,175,93,109,
100,136,136,157,132,68,
77,113,113,134,121,45,
133,125,86,122,188,148,
133,125,86,122,188,148,
135,127,88,124,186,150,
136,128,89,125,187,151,
139,131,92,128,178,154,
160,152,113,144,215,175,
160,152,113,144,215,175,
138,104,97,70,194,153,
167,159,120,156,222,182,
164,156,117,153,219,179,
164,156,117,153,219,179,
127,100,88,66,183,142,
126,99,87,65,182,141,
126,99,87,65,182,141,
114,80,83,32,170,129,
143,109,102,75,199,158,
145,111,104,77,201,160,
178,144,137,110,234,193,
169,135,128,101,225,184,
129,102,90,68,185,144,
157,130,118,96,213,172,
132,98,91,64,188,147,
143,109,102,75,199,158,
137,103,96,69,193,152,
132,98,91,64,188,147,
126,118,79,86,181,141,
128,153,126,162,181,165,
130,155,140,176,183,167,
137,162,155,187,190,174,
137,162,152,187,190,174,
141,166,165,191,194,178,
141,166,165,191,194,178,
95,61,64,33,151,110,
99,57,60,17,143,114,
104,62,65,22,148,119,
86,95,115,118,120,102,
88,97,117,120,122,104,
89,98,118,121,123,105,
86,95,115,118,120,102,
95,66,63,86,115,110,
95,66,63,86,115,110,
101,72,69,92,121,116,
102,73,70,93,122,117,
98,64,67,16,154,113,
98,64,67,36,154,113,
97,63,66,35,153,112,
101,67,70,39,157,116,
102,60,63,20,146,117,
92,102,75,96,148,107,
92,102,75,96,148,107,
93,103,76,97,149,108,
109,119,92,113,165,124,
106,116,89,110,162,121,
107,117,90,111,163,122,
36,72,61,82,92,51,
23,59,48,69,79,38,
22,58,47,68,78,37,
15,51,46,67,71,30,
52,88,88,109,108,67,
46,82,82,103,102,61,
19,55,55,76,75,34,
16,52,52,73,72,31,
44,80,80,101,88,59,
37,73,73,94,81,52,
46,82,82,103,70,61,
35,71,71,92,82,50,
34,70,70,91,81,49,
48,81,84,105,61,63,
45,72,81,102,52,60,
77,113,113,134,113,91,
57,77,92,114,65,72,
75,96,111,132,70,90,
70,92,106,127,66,85,
49,76,85,106,52,64,
55,91,91,112,90,38,
55,91,91,112,90,38,
55,91,91,112,90,38,
36,72,72,93,80,4,
34,70,70,91,78,8,
34,70,70,91,78,10,
37,73,73,94,81,13,
60,96,96,117,105,74,
61,97,97,118,106,75,
82,115,118,139,103,94,
60,80,95,117,68,75,
105,136,141,162,124,119,
68,104,104,125,113,82,
67,103,103,124,112,81,
32,68,68,89,83,47,
32,68,68,89,83,47,
37,73,73,94,89,52,
35,71,71,92,87,50,
24,60,60,81,75,39,
21,57,57,78,74,36,
19,55,55,76,74,34,
84,102,117,140,57,99,
63,84,99,120,42,78,
84,97,119,141,7,87,
86,99,121,143,14,89,
82,95,117,139,12,85,
162,154,115,151,185,177,
147,139,100,136,172,162,
156,151,112,148,168,172,
153,145,106,142,176,168,
134,152,126,162,146,150,
136,154,122,158,148,152,
173,191,210,231,185,189,
145,163,182,203,157,161,
145,163,182,203,157,161,
113,134,161,180,98,114,
111,132,159,178,96,112,
112,133,160,179,97,113,
110,131,158,177,95,111,
109,130,157,176,94,110,
75,111,111,132,119,43,
78,114,114,135,122,46,
136,128,89,125,187,151,
138,130,91,127,189,153,
137,129,90,126,188,152,
140,132,93,129,179,155,
140,132,93,129,177,155,
165,157,118,154,220,180,
165,157,118,154,220,180,
131,104,92,70,187,146,
130,103,91,69,186,145,
127,100,88,66,183,142,
125,91,94,43,181,140,
101,67,70,19,157,116,
144,110,103,76,200,159,
146,112,105,78,202,161,
181,147,140,113,237,196,
170,136,129,102,226,185,
168,134,127,100,224,183,
158,131,119,97,214,173,
144,110,103,76,200,159,
152,118,111,84,208,167,
145,111,104,77,201,160,
142,108,101,74,198,157,
140,106,99,72,196,155,
127,119,80,87,182,142,
127,119,80,87,182,142,
129,121,82,89,184,144,
142,151,112,148,191,174,
131,156,141,177,184,168,
138,163,156,188,191,175,
140,165,149,185,193,177,
138,163,153,188,191,175,
142,167,166,192,195,179,
105,63,66,23,149,120,
87,96,116,119,121,103,
98,69,66,89,118,113,
103,74,71,94,123,118,
99,65,68,37,155,114,
101,67,70,39,157,116,
104,70,73,42,160,119,
108,74,77,41,164,123,
93,103,76,97,149,108,
93,103,76,97,149,108,
93,103,76,97,149,108,
119,129,102,123,175,134,
124,134,107,128,180,139,
110,120,93,114,166,125,
109,119,92,113,165,124,
39,75,64,85,95,54,
42,78,67,88,98,57,
23,59,48,69,79,38,
14,50,47,68,70,29,
53,89,89,110,109,68,
54,90,90,111,110,69,
48,84,84,105,104,63,
20,56,56,77,76,35,
17,53,53,74,73,32,
17,53,53,74,73,32,
41,77,77,98,85,56,
47,83,83,104,91,62,
51,85,87,108,65,66,
35,71,71,92,82,50,
48,75,84,105,55,63,
50,83,86,107,63,65,
79,101,115,136,75,94,
56,92,92,113,91,39,
56,92,92,113,91,39,
56,92,92,113,91,39,
39,75,75,96,83,1,
46,82,82,103,90,14,
35,71,71,92,79,9,
35,71,71,92,79,9,
38,74,74,95,82,12,
61,97,97,118,106,75,
67,103,103,124,112,81,
84,117,120,141,105,92,
70,106,106,127,115,84,
70,106,106,127,115,84,
33,69,69,90,84,48,
33,69,69,90,84,48,
89,107,122,145,62,104,
64,85,100,121,43,79,
88,101,123,145,11,91,
85,98,120,142,8,88,
87,100,122,144,15,90,
83,96,118,140,13,86,
164,156,117,153,187,179,
165,157,118,154,188,180,
154,146,107,143,186,169,
148,140,101,137,173,163,
146,138,99,135,171,161,
146,155,116,152,195,178,
152,155,116,152,164,168,
150,145,106,142,183,168,
135,153,127,163,147,151,
137,155,121,157,149,153,
137,155,123,159,149,153,
146,164,183,204,158,162,
146,164,183,204,158,162,
113,134,161,180,98,114,
111,132,159,178,96,112,
111,132,159,178,96,112,
110,131,158,177,95,111,
76,112,112,133,120,44,
69,105,105,126,113,37,
79,115,115,136,123,47,
79,115,115,136,123,47,
137,129,90,126,188,152,
139,131,92,128,190,154,
139,131,92,128,190,154,
138,130,91,127,189,153,
138,130,91,127,189,153,
141,133,94,130,178,156,
141,133,94,130,176,156,
166,158,119,155,221,181,
166,158,119,155,221,181,
133,106,94,72,189,148,
133,106,94,72,189,148,
136,109,97,75,192,151,
135,108,96,74,191,150,
126,92,95,44,182,141,
149,115,108,81,205,164,
182,148,140,114,238,197,
172,138,131,104,228,187,
169,135,128,101,225,184,
159,132,120,98,215,174,
145,111,104,77,201,160,
157,123,116,89,213,172,
152,118,111,84,208,167,
146,112,105,78,202,161,
141,107,100,73,197,156,
128,120,81,88,183,143,
128,120,81,88,183,143,
133,125,86,93,188,148,
144,149,110,146,189,172,
154,163,124,160,203,186,
143,152,113,149,192,175,
144,153,114,150,193,176,
137,162,147,183,190,174,
147,172,165,197,200,184,
141,166,156,191,194,178,
153,178,162,198,206,190,
143,168,146,182,196,180,
155,180,160,196,208,192,
143,168,167,193,196,180,
112,70,73,30,156,127,
120,86,89,55,176,135,
108,74,77,46,164,123,
105,71,74,43,161,120,
124,90,93,57,180,139,
94,104,77,98,150,109,
120,130,103,124,176,135,
123,133,106,127,179,138,
130,140,113,134,186,145,
112,122,95,116,168,127,
113,123,96,117,169,128,
42,78,67,88,98,57,
45,81,70,91,101,60,
43,79,68,89,99,58,
31,67,56,77,87,46,
25,61,50,71,81,40,
13,49,48,69,69,28,
54,90,90,111,110,69,
49,85,85,106,105,64,
18,54,54,75,74,33,
18,54,54,75,74,33,
53,89,89,110,97,68,
48,84,84,105,92,63,
89,111,125,146,85,104,
59,95,95,116,94,42,
40,76,76,97,84,2,
42,78,78,99,86,2,
40,76,76,97,84,2,
47,83,83,104,91,15,
49,85,85,106,93,17,
37,73,73,94,81,11,
36,72,72,93,80,9,
39,75,75,96,83,11,
66,102,102,123,111,80,
68,104,104,125,113,82,
73,109,109,130,118,87,
87,120,123,144,108,89,
80,116,116,137,125,94,
34,70,70,91,85,49,
90,108,123,146,63,105,
90,103,125,147,13,93,
97,110,132,154,20,100,
89,102,124,146,12,92,
88,101,123,145,11,91,
89,102,124,146,17,92,
84,97,119,141,14,87,
165,157,118,154,188,180,
168,160,121,157,191,183,
153,145,106,142,187,168,
147,139,100,136,172,162,
147,139,100,136,170,162,
145,137,98,134,172,160,
145,154,115,151,194,177,
147,160,121,157,159,163,
148,159,120,156,160,164,
153,156,117,153,165,169,
149,144,105,141,184,167,
137,155,129,165,149,153,
138,156,120,156,150,154,
138,156,124,160,150,154,
148,166,185,206,160,164,
147,165,184,205,159,163,
148,166,185,206,160,164,
147,165,184,205,159,163,
114,135,162,181,99,115,
112,133,160,179,97,113,
113,134,161,180,98,114,
112,133,160,179,97,113,
112,133,160,179,97,113,
111,132,159,178,96,112,
111,132,159,178,96,112,
93,129,129,150,136,61,
70,106,106,127,114,38,
67,103,103,124,111,35,
81,117,117,138,125,49,
80,116,116,137,124,48,
140,132,93,129,191,155,
140,132,93,129,191,155,
141,133,94,130,192,156,
141,133,94,130,192,156,
153,145,106,142,188,168,
142,134,95,131,177,157,
143,135,96,132,174,158,
167,159,120,156,222,182,
167,159,120,156,222,182,
134,107,95,73,190,149,
134,107,95,73,190,149,
137,110,98,76,193,152,
139,112,100,78,195,154,
131,97,100,49,187,146,
148,114,107,80,204,163,
178,145,131,111,233,193,
204,170,163,136,260,219,
173,139,132,105,229,188,
160,133,121,99,216,175,
158,124,117,90,214,173,
160,126,119,92,216,175,
142,108,101,74,198,157,
129,121,82,89,184,144,
130,122,83,90,185,145,
137,129,90,97,192,152,
145,148,109,145,188,171,
155,164,125,161,204,187,
158,167,128,164,207,190,
145,154,115,151,194,177,
142,167,152,188,195,179,
139,164,149,185,192,176,
150,175,168,200,203,187,
154,179,163,199,207,191,
154,179,163,199,207,191,
146,171,149,185,199,183,
156,172,133,169,203,193,
159,184,164,200,212,196,
144,169,168,194,197,181,
116,74,77,34,160,131,
141,107,110,76,197,156,
122,88,91,53,178,137,
109,75,78,47,165,124,
106,72,75,44,162,121,
125,91,94,58,181,140,
96,106,79,100,152,111,
122,132,105,126,178,137,
125,135,108,129,181,140,
134,144,117,138,190,149,
113,123,96,117,169,128,
128,138,111,132,184,143,
46,82,71,92,102,61,
46,82,71,92,102,61,
47,83,72,93,103,62,
49,85,74,95,105,64,
44,80,69,90,100,59,
32,68,57,78,88,47,
29,65,54,75,85,44,
14,50,49,70,70,29,
14,50,49,70,70,29,
14,50,49,70,70,29,
55,91,91,112,111,70,
53,89,89,110,109,68,
20,56,56,77,76,35,
50,86,86,107,94,65,
50,86,86,107,94,65,
49,85,85,106,93,64,
92,114,128,149,88,107,
90,112,126,147,86,105,
41,77,77,98,85,1,
42,78,78,99,86,2,
50,86,86,107,94,18,
48,84,84,105,92,16,
50,86,86,107,94,18,
37,73,73,94,81,8,
42,78,78,99,86,14,
39,75,75,96,83,10,
67,103,103,124,112,81,
72,108,108,129,117,86,
88,121,124,145,109,88,
82,118,118,139,127,96,
81,117,117,138,126,95,
35,71,71,92,86,50,
35,71,71,92,86,50,
93,106,128,150,16,96,
98,111,133,155,21,101,
98,111,133,155,21,101,
90,103,125,147,18,93,
85,98,120,142,15,88,
85,98,120,142,15,88,
161,153,114,150,195,176,
170,167,128,164,198,190,
162,166,127,163,197,189,
151,143,104,140,186,166,
150,142,103,139,173,165,
143,154,115,151,155,159,
142,155,116,152,154,158,
154,157,118,154,166,170,
145,137,98,134,180,160,
150,145,106,142,185,168,
139,157,130,166,151,155,
138,156,130,166,150,154,
139,157,119,155,151,155,
139,157,125,161,151,155,
149,167,186,207,161,165,
149,167,186,207,161,165,
148,166,185,206,160,164,
149,167,186,207,161,165,
116,137,164,183,101,117,
115,136,163,182,100,116,
114,135,162,181,99,115,
113,134,161,180,98,114,
114,135,162,181,99,115,
114,135,162,181,99,115,
94,130,130,151,135,62,
72,108,108,129,116,40,
71,107,107,128,115,39,
66,102,102,123,110,34,
82,118,118,139,126,50,
83,119,119,140,127,51,
81,117,117,138,125,49,
141,133,94,130,192,156,
141,133,94,130,192,156,
142,134,95,131,193,157,
142,134,95,131,193,157,
142,134,95,131,193,157,
155,147,108,144,190,170,
154,146,107,143,189,169,
143,135,96,132,178,158,
136,109,97,75,192,151,
141,114,95,80,197,156,
141,114,102,80,197,156,
132,98,101,50,188,147,
151,117,110,83,207,166,
175,148,128,114,230,190,
205,171,164,137,261,220,
205,171,164,137,261,220,
175,141,134,107,231,190,
174,140,133,106,230,189,
172,149,125,115,227,187,
161,127,120,93,217,176,
162,128,121,94,218,177,
161,127,120,93,217,176,
145,111,104,77,201,160,
132,124,85,90,187,147,
138,130,91,98,193,153,
139,131,92,99,194,154,
144,127,97,93,199,159,
157,166,127,163,206,189,
157,166,127,163,206,189,
162,171,132,168,211,194,
146,155,116,152,195,178,
143,168,153,189,196,180,
140,165,150,186,193,177,
153,178,171,203,206,190,
156,181,165,201,209,193,
155,180,164,200,208,192,
157,182,160,196,210,194,
153,178,145,181,206,190,
158,170,131,167,201,193,
158,174,135,171,205,195,
160,185,165,201,213,197,
160,185,165,201,213,197,
145,170,169,195,198,182,
145,170,169,195,198,182,
120,78,81,38,164,135,
142,108,111,77,198,157,
129,95,98,60,185,144,
110,76,79,48,166,125,
135,101,104,68,191,150,
97,107,80,101,153,112,
97,107,80,101,153,112,
142,152,125,146,198,157,
124,134,107,128,180,139,
126,136,109,130,182,141,
128,138,111,132,184,143,
136,146,119,140,192,151,
135,145,118,139,191,150,
114,124,97,118,170,129,
47,83,72,93,103,62,
50,86,75,96,106,65,
51,87,76,97,107,66,
49,85,74,95,105,64,
45,81,70,91,101,60,
36,72,61,82,92,51,
30,66,55,76,86,45,
38,74,63,84,94,53,
17,53,52,73,73,32,
18,54,53,74,74,33,
15,51,50,71,71,30,
22,58,58,79,78,37,
51,87,87,108,95,66,
51,87,87,108,95,66,
51,87,87,108,95,66,
51,87,87,108,95,66,
56,92,92,113,100,71,
91,113,127,148,87,106,
42,78,78,99,86,2,
42,78,78,99,86,3,
51,87,87,108,95,19,
50,86,86,107,94,18,
65,101,101,122,109,33,
38,74,74,95,82,7,
43,79,79,100,87,15,
44,80,80,101,88,16,
40,76,76,97,84,11,
73,109,109,130,118,87,
94,127,130,151,115,82,
87,123,123,144,132,101,
83,119,119,140,128,97,
82,118,118,139,127,96,
94,107,129,151,17,97,
99,112,134,156,22,102,
86,99,121,143,16,89,
86,99,121,143,16,89,
86,99,121,143,16,89,
87,100,122,144,17,90,
159,151,112,148,194,174,
157,180,141,177,210,194,
171,175,136,172,206,198,
178,182,143,179,213,205,
160,168,129,165,199,191,
150,142,103,139,185,165,
152,144,105,141,175,167,
151,143,104,140,174,166,
144,136,97,133,179,159,
151,146,107,143,186,169,
140,158,129,165,152,156,
140,158,132,168,152,156,
145,161,122,158,157,161,
140,158,126,162,152,156,
146,164,132,168,158,162,
150,168,187,208,162,166,
150,168,187,208,162,166,
150,168,187,208,162,166,
153,171,190,211,165,169,
151,169,188,209,163,167,
119,140,167,186,104,120,
123,144,171,190,108,124,
115,136,163,182,100,116,
114,135,162,181,99,115,
115,136,163,182,100,116,
115,136,163,182,100,116,
115,136,163,182,100,116,
95,131,131,152,134,63,
74,110,110,131,118,42,
72,108,108,129,116,40,
67,103,103,124,111,35,
96,132,132,153,140,64,
82,118,118,139,126,50,
142,134,95,131,193,157,
143,135,96,132,194,158,
143,135,96,132,194,158,
143,135,96,132,194,158,
144,136,97,133,195,159,
144,136,97,133,195,159,
158,150,111,147,193,173,
155,147,108,144,190,170,
159,151,112,148,194,174,
144,136,97,133,179,159,
142,115,103,81,198,157,
133,123,86,89,188,148,
146,119,100,85,202,161,
142,115,103,81,198,157,
139,105,108,57,195,154,
176,149,129,115,231,191,
226,199,179,165,281,241,
176,149,129,115,231,191,
180,153,133,119,235,195,
206,172,165,138,262,221,
207,173,166,139,263,222,
176,142,135,108,232,191,
175,141,134,107,231,190,
165,148,118,114,220,180,
162,128,121,94,218,177,
164,130,123,96,220,179,
164,130,123,96,220,179,
163,129,122,95,219,178,
146,112,105,78,202,161,
147,113,106,79,203,162,
133,125,86,91,188,148,
140,132,93,100,195,155,
140,132,93,100,195,155,
147,124,100,90,202,162,
146,129,99,95,201,161,
145,128,98,94,200,160,
158,167,128,164,207,190,
158,167,128,164,207,190,
165,174,135,171,214,197,
147,156,117,153,196,179,
144,169,154,190,197,181,
146,171,156,192,199,183,
154,179,172,204,207,191,
157,182,166,202,210,194,
156,181,165,201,209,193,
158,183,161,197,211,195,
158,183,161,197,211,195,
163,175,136,172,206,198,
159,171,132,168,202,194,
159,175,136,172,206,196,
159,175,136,172,206,196,
164,189,169,205,217,201,
169,194,174,210,222,206,
161,186,166,202,214,198,
146,171,170,196,199,183,
146,171,170,196,199,183,
152,118,121,87,208,167,
130,96,99,61,186,145,
111,77,80,49,167,126,
136,102,105,69,192,151,
98,108,81,102,154,113,
144,154,127,148,200,159,
130,140,113,134,186,145,
127,137,110,131,183,142,
131,141,114,135,187,146,
130,140,113,134,186,145,
139,149,122,143,195,154,
137,147,120,141,193,152,
136,146,119,140,192,151,
136,146,119,140,192,151,
115,125,98,119,171,130,
48,84,73,94,104,63,
53,89,78,99,109,68,
56,92,81,102,112,71,
50,86,75,96,106,65,
46,82,71,92,102,61,
43,79,68,89,99,58,
35,71,60,81,91,50,
39,75,64,85,95,54,
24,60,59,80,80,39,
19,55,54,75,75,34,
20,56,55,76,76,35,
16,52,51,72,72,31,
53,89,89,110,97,68,
53,89,89,110,97,68,
52,88,88,109,96,67,
56,92,92,113,100,71,
52,88,88,109,96,67,
52,88,88,109,96,67,
57,93,93,114,101,72,
57,93,93,114,101,72,
92,114,128,149,88,107,
43,79,79,100,87,3,
51,87,87,108,95,19,
52,88,88,109,96,20,
52,88,88,109,96,20,
51,87,87,108,95,19,
44,80,80,101,88,16,
44,80,80,101,88,16,
45,81,81,102,89,17,
48,84,84,105,92,19,
41,77,77,98,85,12,
74,110,110,131,119,88,
90,126,126,147,135,104,
84,120,120,141,129,98,
89,125,125,146,134,103,
109,122,144,166,32,112,
98,111,133,155,21,101,
88,101,123,145,18,91,
87,100,122,144,17,90,
90,103,125,147,20,93,
88,101,123,145,18,91,
160,152,113,149,195,175,
172,176,137,173,207,199,
172,176,137,173,207,199,
182,186,147,183,217,209,
179,183,144,180,214,206,
148,140,101,137,183,163,
146,160,121,157,158,162,
147,139,100,136,182,162,
170,165,126,162,205,188,
152,147,108,144,187,170,
141,159,128,164,153,157,
141,159,127,163,153,157,
142,160,128,164,154,158,
147,165,133,169,159,163,
148,166,134,170,160,164,
151,169,188,209,163,167,
151,169,188,209,163,167,
151,169,188,209,163,167,
152,170,189,210,164,168,
153,171,190,211,165,169,
120,141,168,187,105,121,
132,153,180,199,117,133,
126,147,174,193,111,127,
116,137,164,183,101,117,
115,136,163,182,100,116,
116,137,164,183,101,117,
116,137,164,183,101,117,
75,111,111,132,119,43,
73,109,109,130,117,41,
69,105,105,126,113,37,
68,104,104,125,112,36,
97,133,133,154,141,65,
143,135,96,132,194,158,
144,136,97,133,195,159,
144,136,97,133,195,159,
144,136,97,133,195,159,
144,136,97,133,195,159,
145,137,98,134,196,160,
159,151,112,148,194,174,
163,155,116,152,198,178,
156,148,109,145,191,171,
160,152,113,149,195,175,
162,154,115,151,197,177,
149,141,102,138,184,164,
134,124,87,90,189,149,
147,120,101,86,203,162,
145,118,106,84,201,160,
140,106,109,58,196,155,
177,150,130,116,232,192,
227,200,180,166,282,242,
177,150,130,116,232,192,
181,154,134,120,236,196,
183,156,136,122,238,198,
207,173,166,139,263,222,
208,174,167,140,264,223,
177,143,136,109,233,192,
176,142,135,108,232,191,
167,150,120,116,222,182,
163,129,122,95,219,178,
163,129,122,95,219,178,
167,133,126,99,223,182,
175,141,134,107,231,190,
166,132,125,98,222,181,
166,132,125,98,222,181,
164,130,123,96,220,179,
164,130,123,96,220,179,
152,118,111,84,208,167,
148,114,107,80,204,163,
149,115,108,81,205,164,
141,133,94,99,196,156,
144,136,97,104,199,159,
148,121,102,87,204,163,
147,130,100,96,202,162,
147,130,100,96,202,162,
150,133,103,99,205,165,
165,174,135,171,214,197,
166,175,136,172,215,198,
169,178,139,175,218,201,
12,48,49,70,69,28,
52,62,89,107,82,68,
158,176,195,216,170,174,
80,111,116,137,99,94,
156,181,161,197,209,193,
