2001957712
3648453069
2001957754
2001957709
3648453064
838393216
2001957752
2127664389
3648453067
838393150
2001957742
458631522
2001957705
427851205
3648453032
838393203
3648453039
249237069
2001957750
249237060
2508000040
427851241
427851197
838393217
838393169
2001957737
1645501116
2111354728
2507991831
427851234
427851255
458631458
838495956
913282135
838393238
913486712
1645501046
1645501075
2939969321
2507994522
427851224
427851261
913282602
838393122
458640736
838393192
838393207
913486202
1645501153
2939969347
2945827921
838393153
838393190
913282544
560827592
913282614
458640724
913282278
913282491
1863525326
838393173
838393181
938622555
2939969357
2945828442
1873281043
913325818
913486795
1863302955
913282495
913282264
560825530
568360027
561316958
943749271
913282392
913282361
4061305246
913282584
913282597
838393168
838393159
913282330
1863302958
913486092
2958594851
2511131235
915432324
1863302789
1863303009
1863302863
913282443
1863525240
1863525196
560825126
560826996
938524360
568360030
568360048
308723085
943749369
616563786
913325848
4231714014
938522980
913233571
616563732
913282153
913282246
913282275
250075222
838495861
616563764
915432814
1863302942
2958594858
2958594848
2511131257
1873281089
915436677
915436805
1863230993
1863303034
1863302856
1863521664
1395834916
913282279
1863525208
2957089977
560825120
560825127
560825787
560827166
938522358
2704184446
568360049
291542967
458640685
291542978
3268564867
616563794
616563787
938524544
913233869
913325716
913282343
838495958
1863521625
838495952
458640757
1825245998
1645501109
1863302939
2694863479
2511131261
2511131272
2961579581
915433489
2940370438
1825245999
1863230760
1863303063
913081225
1395834915
1395834913
913282500
1863525278
2957089996
2657888917
560829685
938524471
560825793
560827168
560827590
938524685
938524424
938524666
560825111
838801756
838801759
938524070
1863231231
1753807146
939086432
458640696
3698558623
4231714007
938524117
938522440
569682682
4061305247
3648521278
913325846
616563742
943749140
913282427
838495999
1825245996
616563740
1863302961
2694863464
2694863487
2511131238
915433175
915436029
915436729
915436727
1645501060
1873281052
1873280927
1825245997
944888909
1863303171
913282459
1863302785
1863521392
1863302438
913282332
913282589
2957089976
2657888925
2723849268
560830602
962967560
913325755
560829404
938524409
1869899526
938522863
2592537221
566394569
938524722
938523863
938524695
458631477
939086471
938409455
938522588
938409433
938409716
1863231286
458640708
938524403
569682660
943749040
3268565119
3648521280
913325557
913282340
838495964
915433493
616563739
1863303084
2958094334
2694863446
2511131260
915432291
915432393
915436833
1645501066
1873281080
915432318
944888867
1863303238
913282568
1863231552
1863302440
1395838330
913282292
1863525091
2957089969
2657888927
560829726
566394999
962967520
616563691
943749079
569682586
560829527
938522394
938524579
1869899525
938524715
566394246
938524010
1763864248
938523907
458631470
838495877
1800542361
939086478
939086453
938409613
938523151
938522381
291542746
938409583
1863231288
938523066
566394243
938522606
2722903119
569682650
913282411
943749090
913325871
913325620
913282305
3268615170
913325618
915436745
915436793
1863303153
1863303157
915435503
915433526
915433955
1873280945
915472399
906856457
944888923
1863303325
1863230991
1863231553
1395838316
1863302436
913282112
1863521409
560829715
938524557
561316947
962967539
962967595
913325770
913325772
568360020
1809842443
1809842454
938523871
938524156
938523944
2327497319
566394190
938522881
938523160
938409610
1763864242
1763864297
1863231275
1395838315
938524457
1863520268
1395838343
910451486
939086576
939091032
939086541
939086567
1668996806
938409413
938409588
938409674
291542741
1863231289
938522589
2722903090
2722903102
938524572
1863231193
943749038
943749333
3268615167
938524079
913325567
915436031
915474016
915432733
1863303166
1863303216
915432896
915436734
915432604
1873280867
915474420
3067838002
944889345
944889277
944888945
1863525703
1863230759
1863231386
3615428561
458631457
1809842485
2702568907
962967606
913325867
2702748552
1809842411
938524449
938522454
2327497317
938524647
938524420
938409480
458640632
3268615172
838495904
938522898
1863520262
1395838339
910451028
939091191
308723214
939086427
939091136
939086464
939086519
458640629
291542986
1863231312
1863231301
4231341761
938522884
938524489
3268615168
943749238
1863231208
838495903
913325596
915434106
915433445
915472523
914642023
561316977
943748954
915434225
1863303168
1863303246
1863303042
1863303299
915433309
915432818
915436689
915433625
1873280866
1863520282
838495996
1863230879
944889369
905062962
1863525871
906856589
1863231134
3615428557
3615428578
838495864
838495881
1809842330
2702568911
2702568913
913325701
943749315
938524561
1870092008
938524492
938524112
938524133
308723081
883993834
1669002267
458640633
938523977
838495962
838495971
910451127
910451348
910549492
458640628
838495935
939091050
939086556
938622410
939086540
1668996795
291542749
1863231349
1863231313
938524085
938523162
4090314577
1863231274
1863231263
913325649
915433518
915432361
915436769
914641739
915474007
915472330
914643088
450633776
943749412
943640690
1863303047
1863303320
1863303262
1863303142
4229441356
1863303176
1863525509
2622332859
915434354
915433915
915433592
1873281087
1863520284
838801766
838801777
1863230908
1863230857
1870091975
944889058
905063012
2211543269
1863525951
906856657
3615428579
838633289
838495928
838495938
1809842336
1809842316
616563694
938522495
938522777
1870092006
938522951
308722765
883993832
1763009595
458640636
458640640
1753807137
838633411
910450616
1309626316
910451334
458640643
838495921
939086544
308719791
939086438
939086479
1668996793
1668996788
938372583
560828945
938372476
1863231387
938524648
1863231276
914642883
915433622
914637036
915474022
915433294
914643317
450633464
943749467
943640520
1863303149
1863302924
1863303306
1863303283
1863302922
4229441355
1863525663
2622332858
915432283
915436742
915432903
2431986395
838801792
838801679
1870091978
1863230916
1863230931
1863230889
1863230890
1863230819
1870091979
944889399
2211543268
944889241
2211543267
2823075817
1863525958
1863230700
3738902426
4229634052
838495888
838633164
838801708
838801733
250075250
1809842478
2657888887
938524565
3171969277
938524705
1849573429
458640700
1763009606
458640638
458640644
1753807148
1753807124
838633203
838835388
910450687
1309626321
267074554
395135106
1668978742
2969951377
939086497
308719788
291542750
566395296
913325582
938372513
1863231278
914637342
914642016
915473933
2825982086
914643887
432874009
943749104
943640724
1863303285
1863302917
1863525765
1863303372
1863302909
4229441354
1863525806
918296443
915432363
1411101708
915432325
1645501137
838801816
838801764
1870091981
1863520326
1863230972
944889007
906856452
2211543266
906856438
2211543258
2823075783
1863525962
1413863725
4229634053
3615428591
838801663
838801778
938622286
838835420
1524403132
1809842360
561316937
938524023
938523225
938522848
1869716945
267247456
267250973
1669002253
1669002247
458640642
938409451
1753807163
1753807100
1753807127
838633449
838633406
838835341
267074522
267197976
1309626331
267074553
458640658
1668978741
2969951369
1665802597
939086578
938622665
939086466
450636716
566395298
943640734
1863231246
1863231283
2126302773
914644685
915472695
2825982087
2825982045
914641536
914637449
432874023
450632353
561316976
1376300244
943684508
2505035602
1863525759
3004653927
904024670
4229441353
1863525882
918296427
918296602
1411101753
1411101724
916416185
1645501047
838801770
838801709
1863520338
1863230830
1863520324
3735852209
838801773
905063232
2127433987
905063392
855724055
1863525995
3738902434
4229634057
1524403125
838835359
838835385
1524403084
1809842341
938522496
938523946
938522395
939091095
267247457
267251591
267251583
1669002240
395135138
1753807193
838633634
2969951378
838633185
838835319
838835311
267197975
267197986
910450838
267074560
458640653
1665802584
939086455
249791141
450637597
1802518250
943640793
1863231144
1863231197
1863231291
914637260
915474408
915474521
1825246057
2825982044
914642478
914643404
914641930
914642832
914636606
450632577
450638389
450635536
943684505
943684553
2504978812
2504970896
3738891010
904024499
4229893881
1863525933
918296579
918296608
918296546
1411101749
1411101737
1411101709
916415086
915432855
1863520391
1863520319
3735861932
2432378734
838801692
905063030
905063052
905285018
905063553
3908908655
838835406
905063032
838835403
1809842370
938522515
938524645
938524739
939091128
267247458
267251592
267251584
267251576
1753807161
838495943
2969951375
838835402
838835389
267197967
267197983
267074565
939351675
1805872683
1524403130
450637037
291542988
943641062
1863231112
915472252
2967562700
1825246021
2825982031
914644201
914642896
914644862
914637510
914641630
450631313
450638758
974362888
1870091999
2645722771
943684568
943684513
943641257
2504978800
4229557842
3738891009
904024800
4229441351
1863525961
918296523
918296460
918296838
918296615
918296468
1411101750
916415368
915435205
1863520442
1863520497
1863520280
1863520278
3735861926
838801827
905063118
905063211
905062945
905283925
905281870
2212031059
1863526013
905063348
308720476
1870092001
938523932
938524147
1762944954
267250972
267251595
267251588
267251575
267251587
1753807082
838633475
2969951374
838835386
838835320
838835431
267197973
267197985
267197959
910451034
939351628
1803838672
1803838867
1740172271
249791143
1376276589
1349092014
432874004
915473578
943641155
1825246020
4233044629
918139451
914531696
914637251
914636975
914643458
914643075
914644214
914641205
3661513066
928492447
450639208
1349092028
1376300357
450636275
943641180
943684511
943640771
943640943
2517407770
2911006658
4229557838
3735754812
904024711
4229441350
1863525966
918296458
918296784
918296674
1411101698
1411101747
916415547
915432473
1863520514
1863520592
1863520153
4211898257
3735861938
3735861419
838801734
905062937
2212031054
905063542
905063367
905282713
905284396
905283084
905063305
2212031053
906772272
1863526009
2823075894
4218702281
838835414
938524448
938522409
938522831
938522954
1762945102
249786899
267251590
267197831
267196320
267250981
838633431
838633347
905063547
838835326
838835363
938622300
267197961
910451258
1803838648
1975594397
938622518
938622301
1184506198
692985723
1349092042
345265068
562591589
915473363
915473253
4233044627
918392105
914532798
4235054553
915274325
914642157
914641136
914643531
914637194
928492448
1763141120
450639343
974362889
450642148
943641245
943684524
943640773
943641057
2504978819
4229557835
903987287
2823376816
918296587
918296827
918296475
918296447
1411101710
1411101739
1411101728
1411101699
918184164
916416361
915436710
1863520631
1863520885
1863520149
1863520151
4229604005
838801798
905063213
2212031050
906772214
905063513
905281510
905280192
569927206
905284798
905281015
905063075
2212031046
906772239
1863525841
1863526023
2823075939
905063001
838835350
838835358
938522593
938524438
249786903
267249951
939091176
267196336
267196333
267250985
838801776
905063183
910451552
2127415706
938622281
1275190716
2507534773
1975594409
2127415667
267075224
249823920
432874012
450631428
1869716969
345234471
345265062
943560309
915472406
915473507
915472263
4233044621
918140083
914531520
4235054555
4235054565
915232298
915432900
914530597
914645042
914644205
1763141123
450631435
1349092045
450641631
915474104
943640799
943640712
943640756
943640694
1870092200
1863525460
4233850918
903990012
2823376817
1411061040
1411101715
1411101706
1411061024
2644002480
2644002448
916415510
915432632
1863520686
1863520641
1863520903
1863521202
1796284028
1863520148
4229604003
4229604009
838801826
2212031047
906772305
906772270
905063195
2127422610
905282975
905283810
905282646
905284790
906761323
905283389
1304853437
905281737
905063192
2212031043
855723566
1863525825
2823309553
2823075942
905063500
2127422579
838835364
838835342
277419736
938524459
938522521
938522497
267075194
267196342
267196332
267196334
267250990
2127422573
1811495308
563155251
2127415693
1275190683
1275190749
1975594398
2127415662
938622292
2957312905
3746076260
450636718
1376266471
345234473
345234458
915473919
943559774
3947530961
915473666
915474025
915472763
943640654
915474284
4233044622
4233044618
918139820
918140017
914530334
4235054556
915232310
915232342
915434107
914529713
914637045
2967264854
1869717014
1869716990
1349091980
1349092053
450641620
915473445
291511684
943640619
943640939
943640958
1870092202
1863525457
1863525163
1863521039
903987384
2823363274
2823376819
1411060946
1411101756
1411060916
1411101757
918184256
1825246092
1863520768
1863520674
1863520849
1863520963
1863521380
1796284010
1863520118
1796284032
4210411925
4229604002
4229595130
2212031041
906772186
906772195
905063061
905280331
905282337
905280624
905281320
906772183
905282262
1863230678
905283969
1796284015
905062973
851689009
855724083
855723951
2823309546
2823309559
2823075914
2823075962
905063193
838835329
838835339
938524098
938522609
938522483
938522370
249786895
267196335
267251016
267250994
2127422578
1811495320
441879075
315999107
2127415704
1275190691
1275190781
1275190828
250100312
2263000350
1794076960
250102742
2957312610
2957312609
3746076255
1376300339
450640191
1376300404
1940318554
562615471
345234455
915472870
345234466
3947530960
915472761
915473924
914642770
915473522
943640352
291511689
915473049
4233044604
4233044625
4233044616
918139845
918140407
918140379
918139948
915232203
915232218
915436819
915472594
1645502390
914529422
914636876
2967264859
1763141111
432874010
1869717011
1349092069
1869717019
1349091990
1376300359
915474013
943640998
943641028
2645265833
1863525768
1863525014
1863231579
1863525456
1863521076
1863520738
903987630
2823363280
2823376820
1411060985
1411101720
1411061011
1411101703
1411122929
1825246091
1825246094
1863520759
1863521029
1863521037
1863521382
1863521628
4229604000
4229595124
906762262
2212031035
906772208
905063354
2127422607
905280690
905285009
905281973
905282235
905283704
905280675
906818746
2906748876
905281491
3735870541
905115808
906772205
906772191
851691366
855723581
2823307295
2823309544
2823309576
2823309558
2823075968
910451475
938524418
249786893
4083435341
1811495325
441879079
442789387
315999114
1275190693
267197963
1275190739
250100314
448444388
1805872658
249823823
938641772
575875034
910451006
3746076254
1376300366
450640554
4231341782
1376300318
1376266473
1376266468
562615459
943559981
915473927
1869716959
915472967
915473757
309642531
4233044594
4233044609
4233044599
918138911
918139632
918139787
918138714
918138703
914642761
915232265
915434221
914530209
914644361
2967264858
2967264862
1376300421
915472863
943641266
943641088
943641082
943640266
1870092204
2823075898
2823306165
1863525012
1863525006
2823306751
1863525346
855723725
1863521102
1863520714
1863520696
2823376802
2823376821
1411061006
1411061008
1411101718
1411122969
916416121
1825246084
916358611
1825246097
1863520947
1863520951
1863521155
1863521011
1863521109
1863521657
1863231575
4229603995
4229595123
906761947
906761299
1356119906
2212031025
905062897
905279806
905280898
905280966
905281393
905279860
906818574
905284748
905281776
905280368
905115818
906772302
906772304
2212031026
2823306736
2823303671
2823306744
2823306740
2823075656
2823075933
2823309552
2823309808
2823309807
2823076300
2823075977
563155281
277419932
442789385
278163912
905284980
1275190773
250100409
250100306
448444390
1805872394
249823826
3746076230
1870091869
2920590830
910450755
249823769
3746076248
1376300344
1802518258
1349092063
1376266494
1681489191
355435734
309642520
4233044586
918139985
918139724
918139571
918139240
918140208
918139232
918139812
918140185
915232147
915232348
915232172
915432319
915472314
2967264860
1376300358
1869899501
943640334
1869899504
943641231
943640759
1922111827
1870092198
2823075912
2823306164
1863524995
1863524968
1863525007
2823306748
1863525106
1863525108
3738902445
855723664
1863521235
1863520723
1863520688
2823363286
2823376803
2823363289
2823376823
1411060958
1411060955
1479117744
1411101717
1411060967
1411101735
1411101755
916416092
916341373
1825246078
916358796
1825246099
1863521126
1863521227
1863520863
1863521245
1863524991
1863231574
1863524988
4229603994
4229595122
906818560
906818504
1356119904
851689232
905063241
905279982
905281358
905282857
906733887
905284049
2906748893
904024799
905281979
906761840
906761325
1356119885
2823306745
2823303663
2823306790
2823306746
2823075727
855723897
2823075890
1863526526
2823309825
2823309821
2823309540
2823076390
2823075993
563155263
905282566
563155242
464964127
464964200
905282943
1275190868
250100304
1800829364
1805893464
1805872486
249823949
3746076232
1870091871
1870091866
575875165
2920590831
910451283
910451131
910549579
910549625
3746076247
1376300240
1802518237
1376266492
355435732
562615476
943560267
943640522
943640920
918140089
918138898
918139590
918139947
916415758
918138748
918139984
918138676
915232372
915232170
915436712
600648517
3512055073
2967264868
2967264864
943641137
1869899524
943641247
943640449
943641013
943640476
1863525458
4087232487
2823076051
2823306163
1863521554
1863520832
1863520828
3738902452
855723441
855724059
1863520766
1863521391
1863520726
1863520646
2823363288
2823363260
2823363291
2823376824
1479117739
1411012235
1479117748
1411060922
1411101719
1411101742
916415861
916341614
916341235
1757008178
916358896
916358680
916358945
1863521229
1863521222
1863520855
1863521232
1863521605
1863525016
1863524970
855723877
906761260
906761464
851690030
905062907
4212228835
568298681
905285033
906733376
906732706
906713717
905283157
2906748890
904024535
2906748887
1820483527
906761446
906761315
851690747
1356119905
855723437
2823303657
2823306996
2823306755
2823075858
855723494
2823075873
2823309819
2823309834
2823309850
2823310247
2823075931
3735739965
2823076392
2823310206
2823075990
2823076034
563155278
905283743
277419942
278163926
849943455
1275190727
1275190947
1788608660
1796565804
1800829357
448444322
2265700202
448444361
1805872532
3746076233
1524384434
1658920632
910549494
575875120
910451200
910451081
910451344
910549711
267197856
3746076245
1349092017
266807274
267259482
943560221
943559793
943559908
943640253
918139770
918140446
918139806
918139077
916415284
918139091
918139593
918139785
918140279
915232204
915436781
600648516
3512059708
3512032480
309641061
943640695
943640614
943684605
943640625
943640582
1863525452
3003450191
2228978827
3003450184
3511743200
2823306161
1863521548
1863521546
855723731
855723873
1863520751
1863521453
1863520847
1863520692
1863231031
2823363232
2823363261
2823363257
2823363236
2823376828
1411061035
1411012236
1411060919
1479117746
1411060948
1411060914
1411101727
916416091
916341590
916341380
1825246065
916415255
1825246103
1863521192
1863520901
1863520735
1863521198
1863521609
1863524980
1863525407
1863524969
1863521342
855723678
906762426
906761487
906762542
851689554
905115827
843399049
1820483546
905284302
905283397
905283803
906713713
906733546
906732421
905284244
2906748889
904024766
904024588
904024698
1820483532
1820483548
906761480
906761741
851691092
906690531
944889363
1356119907
855723938
2823303650
2823307436
2823306757
2823075872
855723397
2823075859
2823309830
2823309837
2823309848
2823309853
3511743193
3735583597
3511745597
2823075886
2823076557
2823309871
2823310224
2823075988
2823076081
849943595
464964198
278163923
849943582
1275190826
1788608641
1796565783
1796565791
1800829349
250100388
1794580989
1805893470
1794580983
1805785704
1805872777
3746076234
308890672
1870091870
910549527
1658920631
1309626320
249823781
910451221
910549479
267197857
249791380
3746076241
910549694
267259483
267259476
943560066
562615475
562615490
943560822
943560372
943640268
918140218
918140621
918140651
918138889
918138931
918140133
918139143
918140356
918139499
918139252
915232283
2507927278
3512055074
3512032486
345265006
309641210
943641243
943641006
943641159
943640478
1863525435
2228978807
942265020
2823310246
3003450185
2823306158
1863520852
2823306159
442873987
855724051
1863520743
1863520703
1863520680
2504970895
904024783
2823363234
2823363262
2823363258
2823363235
2823376832
1411060974
1411012230
4156356514
1411061004
1479117743
1411060928
1411101700
916341188
916341360
916341560
1825246061
916288299
1863521088
1863520777
1863521005
1863520729
1863521174
1863521615
1863525411
1863521149
1863524961
1863521339
1863521167
855723387
906772168
906762442
849943579
905115826
843399058
1820483551
905280248
905283807
905282672
905280099
906734180
906734402
906712620
308933876
2906748884
2906748894
904024769
904024704
904024775
904029053
904024667
4212228883
904024627
1820483539
1820483589
906761537
849943608
906690691
944888804
944889077
2212031032
855723883
2823307419
2823307495
838393152
2702748544
1863525485
915433454
2823076305
