2,
12,
1,
32,
13,
2,
2,
33,
14,
16,
3,
34,
42,
15,
20,
20,
7,
4,
41,
35,
56,
44,
30,
28,
9,
8,
37,
60,
74,
69,
37,
35,
33,
18,
10,
25,
50,
62,
64,
78,
70,
48,
41,
30,
23,
13,
12,
37,
54,
65,
93,
84,
43,
42,
29,
30,
15,
30,
14,
18,
13,
39,
38,
52,
106,
87,
88,
44,
44,
64,
30,
25,
34,
32,
38,
31,
21,
34,
15,
21,
20,
15,
15,
45,
62,
45,
88,
89,
60,
83,
72,
49,
31,
40,
24,
43,
36,
44,
42,
42,
50,
32,
24,
43,
22,
40,
17,
16,
24,
23,
21,
19,
20,
37,
43,
64,
83,
88,
94,
95,
52,
61,
116,
74,
47,
30,
55,
30,
27,
30,
49,
44,
39,
39,
53,
43,
43,
63,
55,
57,
40,
31,
23,
41,
21,
20,
25,
27,
26,
21,
36,
44,
31,
65,
82,
94,
89,
96,
67,
66,
64,
117,
75,
45,
39,
56,
31,
30,
34,
50,
49,
45,
47,
47,
42,
58,
44,
49,
44,
68,
66,
69,
70,
62,
71,
51,
55,
25,
42,
43,
42,
23,
22,
21,
27,
22,
30,
30,
45,
34,
70,
80,
83,
95,
90,
86,
74,
73,
101,
67,
69,
65,
115,
80,
44,
54,
40,
84,
33,
42,
56,
48,
46,
48,
49,
37,
45,
63,
47,
49,
45,
46,
70,
74,
63,
59,
78,
54,
50,
54,
60,
62,
44,
45,
47,
26,
29,
23,
22,
29,
39,
48,
35,
81,
79,
84,
104,
89,
85,
87,
112,
68,
68,
112,
87,
43,
68,
68,
70,
32,
48,
57,
49,
54,
49,
51,
33,
24,
46,
46,
78,
65,
49,
50,
53,
67,
63,
67,
60,
55,
60,
79,
81,
55,
51,
47,
69,
61,
63,
55,
54,
46,
48,
46,
30,
37,
32,
23,
28,
40,
40,
49,
49,
84,
83,
88,
90,
88,
69,
92,
99,
118,
92,
82,
69,
61,
64,
31,
55,
48,
73,
51,
58,
53,
38,
24,
34,
47,
47,
84,
78,
68,
51,
57,
69,
63,
64,
64,
66,
72,
58,
54,
64,
61,
96,
80,
81,
94,
84,
62,
75,
75,
63,
62,
64,
56,
51,
49,
45,
50,
40,
39,
41,
41,
41,
61,
88,
52,
85,
89,
92,
91,
89,
70,
104,
107,
98,
114,
118,
106,
84,
71,
71,
67,
49,
52,
57,
39,
35,
40,
48,
79,
69,
56,
70,
64,
65,
69,
74,
60,
53,
67,
66,
98,
81,
79,
83,
84,
102,
88,
64,
77,
66,
67,
59,
50,
44,
52,
43,
42,
42,
42,
62,
62,
87,
95,
45,
60,
53,
89,
95,
90,
92,
93,
92,
90,
96,
72,
121,
94,
135,
113,
116,
112,
90,
79,
75,
88,
84,
69,
54,
52,
58,
41,
41,
70,
59,
72,
72,
65,
69,
75,
70,
70,
81,
66,
52,
105,
99,
84,
80,
76,
84,
99,
89,
89,
67,
81,
78,
69,
51,
48,
43,
58,
47,
43,
80,
63,
71,
97,
92,
86,
97,
57,
58,
54,
94,
98,
97,
91,
93,
96,
95,
99,
93,
98,
105,
73,
122,
92,
92,
134,
140,
137,
112,
105,
118,
117,
92,
91,
82,
85,
76,
60,
62,
44,
81,
71,
60,
76,
74,
76,
77,
77,
73,
84,
69,
110,
107,
100,
80,
75,
77,
85,
96,
90,
68,
68,
83,
79,
83,
90,
49,
59,
93,
72,
98,
93,
82,
98,
61,
59,
64,
96,
98,
101,
92,
94,
94,
110,
100,
98,
106,
107,
130,
91,
91,
136,
135,
135,
133,
142,
175,
138,
111,
107,
104,
119,
124,
119,
93,
97,
93,
81,
89,
87,
87,
85,
65,
64,
79,
72,
62,
83,
77,
78,
77,
75,
88,
87,
75,
74,
114,
109,
105,
83,
80,
78,
94,
91,
85,
71,
90,
85,
60,
101,
100,
81,
100,
103,
81,
62,
65,
97,
99,
112,
99,
95,
95,
116,
118,
99,
99,
112,
113,
90,
90,
137,
151,
188,
96,
112,
108,
102,
125,
125,
120,
114,
94,
95,
88,
88,
99,
88,
86,
66,
65,
73,
64,
63,
84,
80,
81,
79,
79,
82,
77,
94,
88,
92,
79,
77,
78,
117,
110,
111,
107,
94,
86,
80,
80,
95,
92,
92,
94,
70,
92,
62,
61,
104,
101,
92,
101,
109,
107,
105,
86,
82,
67,
63,
66,
109,
120,
112,
134,
96,
121,
119,
120,
101,
100,
119,
121,
89,
89,
139,
170,
152,
158,
120,
114,
142,
126,
129,
121,
119,
96,
96,
91,
89,
91,
66,
84,
75,
65,
85,
81,
84,
89,
81,
80,
89,
81,
80,
78,
82,
81,
111,
112,
110,
115,
97,
83,
93,
95,
95,
94,
93,
71,
65,
63,
105,
93,
99,
99,
110,
116,
111,
106,
108,
109,
92,
83,
65,
67,
67,
111,
112,
146,
129,
137,
97,
125,
120,
121,
121,
102,
102,
101,
120,
131,
146,
156,
187,
176,
121,
119,
144,
146,
133,
122,
88,
95,
90,
78,
85,
66,
66,
87,
82,
85,
90,
90,
90,
82,
81,
84,
82,
112,
114,
111,
118,
119,
96,
112,
96,
94,
68,
94,
103,
97,
115,
117,
112,
114,
113,
110,
93,
84,
85,
66,
68,
68,
68,
68,
150,
114,
130,
139,
98,
126,
121,
121,
123,
123,
122,
102,
121,
134,
148,
154,
164,
168,
177,
126,
121,
148,
146,
153,
148,
139,
124,
96,
91,
67,
69,
69,
89,
85,
86,
88,
91,
91,
94,
83,
82,
88,
85,
83,
114,
115,
115,
116,
123,
131,
132,
121,
98,
115,
114,
94,
99,
95,
96,
110,
97,
130,
116,
118,
117,
114,
115,
112,
106,
94,
89,
86,
69,
68,
69,
69,
69,
69,
161,
161,
115,
131,
140,
99,
128,
122,
123,
123,
103,
103,
132,
137,
153,
158,
180,
176,
182,
179,
127,
126,
126,
147,
147,
156,
155,
152,
150,
141,
143,
127,
144,
97,
93,
68,
70,
72,
71,
104,
88,
87,
89,
95,
93,
88,
85,
94,
93,
84,
93,
126,
117,
135,
126,
99,
99,
